Game: 550
Max Score: 281
mavg_score: [82.61, 82.72, 85.98, 83.78, 88.3, 98.58, 104.78, 128.32, 151.3, 194.16]
var_score: [315.43789999999996, 258.84159999999997, 423.0596, 278.2916, 256.05, 461.2036, 646.6515999999999, 1156.4576000000002, 2374.53, 2486.6544]
mavg_ammo_left: [10.9, 10.66, 10.78, 10.92, 11.06, 10.04, 11.1, 8.16, 6.16, 3.32]
mavg_kill_counts: [1.45, 1.28, 1.56, 1.42, 1.7, 2.24, 2.86, 4.76, 6.9, 10.48]
