Game: 1300
Max Score: 410
mavg_score: [83.1, 87.26, 81.46, 85.38, 83.64, 86.3, 91.6, 104.88, 113.8, 132.92, 195.14, 223.36, 226.98, 218.4, 225.42, 225.08, 239.64, 234.72, 241.74, 242.12, 244.58, 256.64, 264.36, 253.06, 250.6]
var_score: [278.81000000000006, 278.3524, 273.5684, 387.7956, 312.55039999999997, 321.68999999999994, 381.8400000000001, 387.7456, 666.08, 1102.5936000000002, 2897.8403999999996, 3085.7504000000004, 3393.9796, 2221.68, 1634.9236, 2075.7136, 2008.0304, 2655.3215999999998, 3054.1124000000004, 2545.7856, 1962.2436000000002, 2927.7504, 2315.8304, 2393.9763999999996, 1797.92]
mavg_ammo_left: [10.99, 10.38, 11.38, 11.02, 11.44, 11.52, 11.58, 11.24, 11.9, 9.68, 4.8, 2.64, 2.68, 2.62, 2.08, 1.96, 1.12, 2.52, 1.98, 2.22, 2.08, 1.22, 1.36, 1.88, 0.46]
mavg_kill_counts: [1.35, 1.72, 1.24, 1.54, 1.26, 1.58, 1.96, 3.0, 3.74, 5.44, 9.86, 12.42, 12.84, 12.58, 13.46, 13.84, 14.58, 14.38, 15.04, 15.46, 16.06, 16.86, 17.22, 16.88, 17.68]
