Game: 1400
Max Score: 342
mavg_score: [83.39, 78.54, 89.3, 86.92, 86.06, 87.3, 95.3, 113.16, 125.24, 151.86, 188.58, 231.78, 232.04, 227.94, 243.82, 244.02, 262.28, 262.2, 262.52, 264.38, 263.08, 256.94, 258.62, 255.72, 263.88, 267.5, 263.68]
var_score: [274.0179, 282.04839999999996, 258.69, 385.0336, 386.1764, 318.73, 361.7700000000001, 340.81440000000003, 813.4223999999999, 1970.0404, 2332.0836, 2343.2516, 2671.4783999999995, 1093.1364, 1898.5076, 1839.1795999999997, 2036.1615999999997, 1696.4399999999996, 2315.1295999999998, 1428.1156000000003, 1511.7936000000002, 2326.5364, 1805.9556, 1838.0015999999998, 1466.7456, 1159.33, 1739.7376000000002]
mavg_ammo_left: [10.95, 12.12, 9.96, 10.3, 11.06, 11.42, 10.74, 8.86, 8.5, 6.78, 4.48, 1.54, 1.98, 0.92, 1.5, 1.5, 1.0, 0.92, 1.06, 0.42, 0.48, 1.04, 0.74, 0.88, 0.4, 0.34, 0.54]
mavg_kill_counts: [1.35, 1.14, 1.96, 1.54, 1.58, 1.7, 2.16, 3.44, 4.44, 6.64, 10.12, 13.3, 13.5, 13.96, 14.96, 15.38, 17.08, 16.94, 17.16, 17.78, 17.82, 17.74, 17.54, 17.44, 18.36, 18.24, 18.7]
