Game: 2100
Max Score: 1049
mavg_score: [157.11, 152.72, 176.94, 169.58, 174.68, 198.68, 200.08, 191.62, 185.38, 201.28, 197.48, 197.96, 216.84, 217.36, 223.6, 243.62, 189.84, 198.32, 181.32, 204.78, 194.38, 189.96, 196.44, 209.1, 173.46, 182.02, 185.46, 208.94, 209.58, 192.92, 186.66, 200.22, 209.56, 200.94, 185.9, 196.72, 172.38, 209.18, 183.24, 198.08, 226.28]
var_score: [3958.1179, 4639.281599999999, 3238.0563999999995, 5628.2436, 4741.2176, 12206.697599999998, 5101.8736, 3585.9156, 4531.5156, 10077.0416, 9078.449599999996, 8712.038400000001, 11890.5744, 8240.1104, 8390.44, 9781.2756, 7875.6544, 8571.3376, 7512.6576000000005, 9529.1316, 6427.835599999999, 6951.558400000001, 8128.0864, 8942.09, 7474.208399999999, 9152.259600000001, 6075.688399999998, 12006.976400000001, 9105.323599999998, 9052.193599999997, 4455.5844, 6725.211599999999, 6960.086399999999, 8579.416399999998, 5978.9299999999985, 21494.321600000003, 6099.8756, 9887.827600000002, 5876.3024, 8438.3136, 12147.121599999999]
mavg_ammo_left: [4.11, 5.24, 3.82, 0.0, 10.48, 3.44, 9.3, 4.36, 3.74, 11.0, 3.7, 4.64, 9.76, 8.66, 10.86, 16.54, 14.54, 6.38, 4.66, 12.06, 2.92, 5.78, 10.78, 12.18, 1.0, 9.22, 6.54, 7.3, 11.74, 6.78, 4.12, 6.42, 6.66, 10.1, 12.1, 7.34, 8.22, 12.34, 6.24, 11.36, 9.36]
mavg_kill_counts: [1.15, 1.08, 1.92, 1.3, 1.4, 2.32, 2.04, 1.66, 1.72, 1.76, 1.8, 1.36, 2.94, 1.76, 2.28, 2.64, 1.62, 1.84, 1.46, 1.86, 1.88, 1.76, 1.56, 2.26, 1.68, 1.62, 1.64, 2.84, 2.26, 2.1, 1.38, 1.92, 2.24, 1.84, 2.0, 1.44, 1.54, 1.9, 1.38, 2.26, 2.32]
