Game: 500
Max Score: 188
mavg_score: [82.39, 84.86, 87.78, 84.96, 83.72, 86.4, 91.0, 91.28, 86.6]
var_score: [285.6579, 320.84040000000005, 331.25159999999994, 181.5184, 313.0016, 327.36, 671.92, 595.6816, 341.32]
mavg_ammo_left: [10.82, 10.2, 9.9, 11.0, 11.14, 11.02, 11.18, 11.1, 12.94]
mavg_kill_counts: [1.37, 1.76, 1.68, 1.38, 1.32, 1.54, 1.92, 1.92, 1.62]
