Game: 200
Max Score: 130
mavg_score: [85.78333333333333, 82.8, 82.3, 81.8, 83.1, 77.0, 81.7, 81.0, 85.5, 84.6, 90.9, 84.6, 85.7, 87.1, 89.8]
var_score: [329.4363888888889, 194.56, 604.8100000000001, 164.76000000000002, 251.29000000000002, 203.2, 303.81, 230.2, 258.85, 193.24, 342.89, 167.44, 242.01, 264.69, 299.56]
mavg_ammo_left: [10.366666666666667, 11.5, 11.0, 10.9, 10.9, 13.5, 11.2, 11.1, 10.5, 10.7, 10.5, 10.4, 11.7, 10.1, 10.8]
mavg_kill_counts: [1.4333333333333333, 1.0, 1.5, 1.4, 1.4, 0.8, 1.4, 1.5, 1.8, 2.0, 1.5, 1.0, 1.3, 1.5, 1.9]
