Game: 610
Max Score: 749
mavg_score: [195.16538461538462, 155.3, 136.8, 162.9, 175.8, 220.7, 158.8, 211.7, 243.3, 197.6, 205.3, 183.0, 166.6, 153.1, 184.5, 218.5, 213.7, 197.5, 190.9, 183.4, 207.2, 193.5, 171.7, 244.0, 225.0, 237.3, 156.4, 223.4, 241.5, 194.7, 204.4, 218.9, 185.3, 210.9, 273.7, 197.6]
var_score: [7356.676494082841, 1952.0099999999998, 987.7599999999999, 2384.69, 4755.360000000001, 13471.01, 2059.16, 5930.01, 16383.61, 7390.839999999999, 5935.210000000001, 4264.8, 5815.64, 3108.09, 6673.85, 8027.85, 11098.41, 6324.25, 3560.4900000000002, 8191.24, 6558.160000000001, 5369.65, 3363.4100000000008, 3770.6, 7261.2, 8229.01, 1961.64, 7133.44, 11738.65, 5131.01, 17475.24, 15701.290000000003, 3298.0100000000007, 12059.890000000003, 26845.609999999997, 4491.64]
mavg_ammo_left: [29.68846153846154, 30.4, 35.1, 33.7, 31.9, 28.4, 33.9, 27.1, 26.0, 29.6, 28.2, 26.5, 32.6, 35.0, 30.6, 29.0, 26.4, 31.6, 31.6, 36.1, 29.0, 22.7, 32.3, 28.5, 23.6, 25.4, 36.6, 27.1, 28.6, 30.9, 29.4, 24.9, 38.4, 30.8, 25.6, 34.0]
mavg_kill_counts: [2.026923076923077, 1.4, 0.8, 1.1, 1.4, 2.9, 1.5, 2.5, 3.4, 2.0, 2.5, 1.1, 1.6, 1.3, 1.6, 2.8, 2.4, 2.6, 1.9, 2.1, 2.3, 2.4, 1.5, 2.2, 3.0, 2.9, 1.6, 2.0, 4.8, 1.7, 2.9, 2.3, 1.7, 2.5, 4.1, 1.3]
