Game: 440
Max Score: 1049
mavg_score: [294.02941176470586, 256.6, 245.7, 295.8, 230.0, 221.5, 264.0, 252.5, 272.4, 183.9, 265.8, 292.0, 384.3, 255.9, 258.9, 241.4, 245.9, 370.7, 244.1, 254.8, 287.9, 254.2, 349.8, 266.4, 289.5, 407.2, 229.2, 315.4]
var_score: [19719.640311418683, 3372.84, 4644.01, 14378.560000000001, 6955.0, 2576.85, 10849.2, 12686.25, 3591.84, 2525.6899999999996, 9855.560000000001, 13012.8, 26196.61, 13382.890000000003, 5633.49, 1337.24, 9967.289999999999, 39942.61, 17312.489999999998, 14866.960000000001, 26294.890000000003, 6713.360000000001, 30909.160000000003, 5654.4400000000005, 19239.65, 41025.359999999986, 5184.360000000001, 9614.84]
mavg_ammo_left: [20.370588235294118, 22.2, 25.0, 19.0, 32.8, 25.6, 23.5, 20.8, 19.3, 30.3, 24.0, 19.3, 16.3, 23.9, 26.4, 33.3, 24.3, 16.3, 30.6, 28.7, 21.8, 22.1, 16.2, 21.1, 22.9, 14.5, 31.2, 19.6]
mavg_kill_counts: [4.852941176470588, 3.9, 3.0, 5.3, 3.9, 3.1, 4.1, 4.6, 4.3, 1.3, 4.2, 4.8, 7.0, 3.5, 4.4, 3.9, 3.8, 8.0, 3.5, 4.2, 4.5, 3.3, 5.9, 4.2, 4.5, 8.0, 3.0, 5.4]
