Game: 1090
Max Score: 1049
mavg_score: [294.02941176470586, 256.6, 245.7, 295.8, 230.0, 221.5, 264.0, 252.5, 272.4, 183.9, 265.8, 292.0, 384.3, 255.9, 258.9, 241.4, 245.9, 370.7, 244.1, 254.8, 287.9, 254.2, 349.8, 266.4, 289.5, 407.2, 229.2, 315.4, 293.0, 310.6, 239.8, 248.6, 269.5, 300.2, 290.7, 297.4, 260.4, 328.4, 299.3, 272.0, 249.2, 309.6, 323.6, 212.1, 385.8, 384.7, 281.8, 363.7, 250.5, 323.2, 272.0, 300.1, 321.0, 296.8, 330.3, 313.4, 359.1, 296.4, 275.5, 308.4, 227.2, 389.1, 253.0, 306.8, 299.8, 305.4, 263.4, 361.8, 312.6, 265.8, 271.5, 308.3, 267.5, 228.0, 233.4, 282.2, 286.9, 260.9, 346.2, 298.4, 308.0, 346.0, 245.1, 411.1, 295.5, 337.0, 220.2, 270.4, 244.2, 330.5, 295.0, 322.5, 306.2]
var_score: [19719.640311418683, 3372.84, 4644.01, 14378.560000000001, 6955.0, 2576.85, 10849.2, 12686.25, 3591.84, 2525.6899999999996, 9855.560000000001, 13012.8, 26196.61, 13382.890000000003, 5633.49, 1337.24, 9967.289999999999, 39942.61, 17312.489999999998, 14866.960000000001, 26294.890000000003, 6713.360000000001, 30909.160000000003, 5654.4400000000005, 19239.65, 41025.359999999986, 5184.360000000001, 9614.84, 20754.0, 24268.439999999995, 8209.36, 8636.44, 26794.45, 19766.559999999998, 24611.21, 18326.04, 7574.839999999999, 19952.04, 10774.01, 10945.0, 11930.560000000001, 12900.44, 24468.04, 2824.29, 30309.760000000002, 36604.81, 15868.36, 24894.609999999997, 8257.25, 31612.360000000004, 7897.8, 12746.089999999998, 24170.6, 11448.359999999999, 13970.61, 29763.640000000003, 18999.890000000003, 16044.439999999999, 17169.85, 8856.04, 6381.76, 30252.489999999998, 9847.2, 31875.159999999996, 13188.359999999997, 11654.64, 5021.639999999999, 24237.359999999997, 23628.04, 5282.16, 23000.05, 8750.21, 5509.65, 3116.8, 7113.44, 7797.160000000001, 11545.489999999998, 10961.89, 21303.56, 21754.439999999995, 16897.2, 19127.8, 10058.89, 18591.690000000002, 4826.85, 39266.4, 8261.360000000002, 15972.439999999999, 8189.76, 11384.65, 17658.2, 44277.65, 24636.760000000002]
mavg_ammo_left: [20.370588235294118, 22.2, 25.0, 19.0, 32.8, 25.6, 23.5, 20.8, 19.3, 30.3, 24.0, 19.3, 16.3, 23.9, 26.4, 33.3, 24.3, 16.3, 30.6, 28.7, 21.8, 22.1, 16.2, 21.1, 22.9, 14.5, 31.2, 19.6, 21.0, 22.3, 28.9, 28.2, 28.2, 22.4, 19.8, 20.4, 19.2, 27.1, 19.7, 21.1, 24.3, 18.1, 20.5, 33.3, 17.6, 13.6, 30.4, 15.4, 33.4, 22.9, 24.1, 22.6, 21.7, 19.3, 26.1, 17.7, 24.2, 28.8, 24.6, 20.6, 29.2, 24.9, 26.5, 22.4, 24.3, 25.4, 20.4, 16.9, 23.9, 32.1, 25.4, 22.4, 29.1, 24.3, 25.9, 23.1, 20.7, 23.4, 14.3, 26.3, 24.0, 31.1, 30.2, 13.9, 23.3, 21.0, 31.4, 26.4, 27.8, 15.6, 27.1, 36.6, 24.8]
mavg_kill_counts: [4.852941176470588, 3.9, 3.0, 5.3, 3.9, 3.1, 4.1, 4.6, 4.3, 1.3, 4.2, 4.8, 7.0, 3.5, 4.4, 3.9, 3.8, 8.0, 3.5, 4.2, 4.5, 3.3, 5.9, 4.2, 4.5, 8.0, 3.0, 5.4, 5.5, 6.3, 3.4, 5.0, 5.9, 5.7, 4.2, 4.8, 3.4, 7.2, 3.8, 4.4, 4.6, 6.1, 5.8, 3.2, 7.5, 7.5, 6.0, 7.8, 3.4, 6.4, 5.0, 6.1, 6.1, 5.4, 6.6, 6.6, 5.7, 5.7, 5.2, 5.0, 3.0, 7.3, 4.4, 5.6, 6.1, 5.2, 3.5, 7.6, 5.6, 3.6, 4.0, 5.8, 2.9, 2.7, 2.8, 6.1, 4.4, 4.2, 5.3, 5.1, 5.1, 7.1, 3.8, 8.1, 6.2, 5.2, 2.7, 4.5, 3.2, 5.0, 5.6, 6.6, 4.9]
