Game: 1110
Max Score: 749
mavg_score: [195.16538461538462, 155.3, 136.8, 162.9, 175.8, 220.7, 158.8, 211.7, 243.3, 197.6, 205.3, 183.0, 166.6, 153.1, 184.5, 218.5, 213.7, 197.5, 190.9, 183.4, 207.2, 193.5, 171.7, 244.0, 225.0, 237.3, 156.4, 223.4, 241.5, 194.7, 204.4, 218.9, 185.3, 210.9, 273.7, 197.6, 191.3, 247.1, 267.3, 233.6, 203.5, 205.0, 254.9, 257.6, 168.1, 160.3, 154.0, 233.4, 246.7, 255.0, 229.9, 220.0, 204.3, 190.8, 165.0, 188.0, 203.6, 221.8, 238.2, 222.0, 214.6, 178.4, 265.7, 226.8, 223.6, 218.5, 233.4, 156.0, 182.1, 262.8, 252.1, 248.1, 301.9, 258.8, 184.9, 226.1, 228.0, 299.5, 194.4, 161.5, 228.2, 223.3, 189.1, 263.3, 291.8, 227.2]
var_score: [7356.676494082841, 1952.0099999999998, 987.7599999999999, 2384.69, 4755.360000000001, 13471.01, 2059.16, 5930.01, 16383.61, 7390.839999999999, 5935.210000000001, 4264.8, 5815.64, 3108.09, 6673.85, 8027.85, 11098.41, 6324.25, 3560.4900000000002, 8191.24, 6558.160000000001, 5369.65, 3363.4100000000008, 3770.6, 7261.2, 8229.01, 1961.64, 7133.44, 11738.65, 5131.01, 17475.24, 15701.290000000003, 3298.0100000000007, 12059.890000000003, 26845.609999999997, 4491.64, 4553.8099999999995, 17808.89, 11361.210000000001, 4783.64, 3275.85, 4289.2, 9622.09, 9876.24, 5013.889999999999, 6253.8099999999995, 3824.8, 9423.84, 7703.01, 6983.0, 2716.69, 7568.8, 11173.41, 6167.76, 4355.8, 8933.2, 6888.839999999999, 13191.960000000001, 14555.16, 6892.6, 1820.8399999999997, 11083.44, 5773.8099999999995, 18551.96, 6313.039999999999, 8156.05, 10983.039999999999, 5517.0, 3757.0899999999992, 8275.36, 11009.689999999999, 8275.29, 9169.69, 12928.36, 5116.49, 12029.289999999999, 9354.4, 27062.05, 4803.24, 4278.25, 2494.96, 17786.809999999998, 5990.09, 7455.81, 19469.559999999998, 7830.960000000001]
mavg_ammo_left: [29.68846153846154, 30.4, 35.1, 33.7, 31.9, 28.4, 33.9, 27.1, 26.0, 29.6, 28.2, 26.5, 32.6, 35.0, 30.6, 29.0, 26.4, 31.6, 31.6, 36.1, 29.0, 22.7, 32.3, 28.5, 23.6, 25.4, 36.6, 27.1, 28.6, 30.9, 29.4, 24.9, 38.4, 30.8, 25.6, 34.0, 32.7, 27.8, 25.6, 31.5, 29.8, 33.1, 26.5, 34.6, 37.8, 34.8, 27.5, 32.0, 34.8, 25.9, 35.2, 34.4, 37.7, 41.1, 29.9, 33.9, 37.8, 33.0, 30.9, 41.9, 36.1, 27.4, 36.2, 34.5, 33.2, 29.4, 38.6, 42.1, 27.4, 43.3, 30.5, 37.9, 39.2, 29.5, 35.8, 45.8, 30.2, 41.7, 31.9, 41.4, 36.0, 36.4, 33.8, 35.6, 39.3, 40.4]
mavg_kill_counts: [2.026923076923077, 1.4, 0.8, 1.1, 1.4, 2.9, 1.5, 2.5, 3.4, 2.0, 2.5, 1.1, 1.6, 1.3, 1.6, 2.8, 2.4, 2.6, 1.9, 2.1, 2.3, 2.4, 1.5, 2.2, 3.0, 2.9, 1.6, 2.0, 4.8, 1.7, 2.9, 2.3, 1.7, 2.5, 4.1, 1.3, 2.2, 2.9, 3.5, 2.9, 1.8, 1.6, 2.9, 3.5, 1.5, 1.5, 1.1, 2.5, 3.4, 3.3, 2.6, 2.2, 2.3, 2.5, 1.4, 1.2, 2.5, 2.8, 2.8, 2.7, 2.6, 2.9, 3.2, 2.6, 1.5, 1.9, 3.8, 1.4, 1.7, 3.4, 3.0, 2.9, 3.9, 1.7, 1.6, 3.2, 2.5, 4.5, 1.9, 0.6, 2.4, 2.4, 1.0, 3.1, 3.5, 3.1]
