Game: 390
Max Score: 749
mavg_score: [195.16538461538462, 155.3, 136.8, 162.9, 175.8, 220.7, 158.8, 211.7, 243.3, 197.6, 205.3, 183.0, 166.6, 153.1]
var_score: [7356.676494082841, 1952.0099999999998, 987.7599999999999, 2384.69, 4755.360000000001, 13471.01, 2059.16, 5930.01, 16383.61, 7390.839999999999, 5935.210000000001, 4264.8, 5815.64, 3108.09]
mavg_ammo_left: [29.68846153846154, 30.4, 35.1, 33.7, 31.9, 28.4, 33.9, 27.1, 26.0, 29.6, 28.2, 26.5, 32.6, 35.0]
mavg_kill_counts: [2.026923076923077, 1.4, 0.8, 1.1, 1.4, 2.9, 1.5, 2.5, 3.4, 2.0, 2.5, 1.1, 1.6, 1.3]
