Game: 500
Max Score: 391
mavg_score: [199.68, 169.18, 199.94, 173.56, 186.42, 204.06, 185.28, 181.0, 189.02, 185.88]
var_score: [4113.1376, 4387.3876, 4174.7764, 2920.1664000000005, 3123.483599999999, 4007.7764, 3996.4415999999997, 2991.2, 3455.6595999999995, 3947.7855999999992]
mavg_ammo_left: [200.0, 200.0, 200.0, 200.0, 200.0, 200.0, 200.0, 200.0, 200.0, 200.0]
mavg_kill_counts: [20.08, 16.64, 20.32, 17.24, 18.48, 19.36, 18.4, 18.46, 18.88, 17.88]
